1769086304662 0.0014043620689655173 0
1769086391325 0.0028053117844827583 1
1769086475967 0.0041779673 2
1769086560020 0.0041596761 3
1769086643933 0.004117234799999999 4
1769086728364 0.0040747935 5
1769086812470 0.0040323522 6
1769086896916 0.0039899109 7
1769086980053 0.0039474696000000005 8
1769087064160 0.0039050283 9
1769087147479 0.0038625870000000002 10
1769087231618 0.0038201457 11
1769087314909 0.0037777044 12
1769087398189 0.0037352631 13
1769087481197 0.0036928217999999996 14
1769087564132 0.0036503805 15
1769087646998 0.0036079392 16
1769087729893 0.0035654979 17
1769087813050 0.0035230566000000003 18
1769087896647 0.0034806153000000004 19
1769087979373 0.003438174 20
1769088062898 0.0033957327 21
1769088145993 0.0033532914 22
1769088228943 0.0033108500999999998 23
1769088311806 0.0032684088 24
1769088395012 0.0032259675 25
1769088478534 0.0031835262 26
1769088561874 0.0031410849 27
1769088644343 0.0030986436 28
1769088726725 0.0030562022999999997 29
1769088809081 0.003013761 30
1769088891614 0.0029713197 31
1769088974405 0.0029288783999999995 32
1769089058049 0.0028864370999999995 33
1769089141104 0.0028439957999999996 34
1769089224467 0.0028015544999999997 35
1769089308027 0.0027591132 36
1769089401721 0.0027166719000000002 37
1769089497601 0.0026742306000000003 38
1769089580585 0.0026317893 39
1769089663347 0.002589348 40
1769089748453 0.0025469067000000005 41
1769089833052 0.0025044654 42
1769089918605 0.0024620241 43
1769090005984 0.0024195828000000003 44
1769090089721 0.0023771415 45
1769090172875 0.0023347002000000004 46
1769090256081 0.0022922589000000004 47
1769090339189 0.0022498176 48
1769090422617 0.0022073763 49
1769090505969 0.002164935 50
1769090589341 0.0021224937 51
1769090672000 0.0020800524 52
1769090755019 0.0020376111 53
1769090837677 0.0019951698 54
1769090921095 0.0019527284999999999 55
1769091017137 0.0019102871999999997 56
1769091104306 0.0018678459000000002 57
1769091187158 0.0018254046000000003 58
1769091279081 0.0017829633000000001 59
1769091361195 0.0017405220000000002 60
1769091444589 0.0016980807 61
1769091532641 0.0016556394 62
1769091617844 0.0016131981000000002 63
1769091701239 0.0015707568 64
1769091784840 0.0015283154999999999 65
1769091875626 0.0014858742 66
1769091974217 0.0014434328999999998 67
1769092075608 0.0014009915999999999 68
1769092177240 0.0013585503000000004 69
1769092268691 0.0013161090000000002 70
1769092354692 0.0012736677 71
1769092439815 0.0012312264000000001 72
1769092524755 0.0011887851000000002 73
1769092607822 0.0011463438 74
1769092691075 0.0011039025 75
1769092774526 0.0010614612 76
1769092858122 0.0010190199 77
1769092942261 0.0009765785999999999 78
1769093028676 0.0009341372999999999 79
1769093126750 0.0008916959999999999 80
1769093212311 0.0008492546999999997 81
1769093298138 0.0008068134000000002 82
1769093383713 0.0007643721000000002 83
1769093466238 0.0007219308000000002 84
1769093548626 0.0006794895000000001 85
1769093631792 0.0006370482 86
1769093716058 0.0005946069000000001 87
1769093798849 0.0005521656 88
1769093889095 0.0005097242999999999 89
1769093972870 0.00046728299999999987 90
1769094049919 0.0004248416999999999 91
1769094126457 0.00038240039999999984 92
1769094203726 0.00033995909999999974 93
1769094279965 0.0002975178000000002 94
1769094356513 0.0002550765000000002 95
1769094432161 0.00021263520000000018 96
1769094508244 0.0001701939000000001 97
1769094586464 0.0001277526000000001 98
1769094664311 8.531130000000003e-05 99
