1769086304662 0.0004681206896551724 0
1769086391325 0.0009351039281609196 1
1769086475967 0.0013926557666666666 2
1769086560020 0.0013865586999999998 3
1769086643933 0.0013724115999999998 4
1769086728364 0.0013582645 5
1769086812470 0.0013441173999999998 6
1769086896916 0.0013299702999999999 7
1769086980053 0.0013158232 8
1769087064160 0.0013016761 9
1769087147479 0.001287529 10
1769087231618 0.0012733819 11
1769087314909 0.0012592348 12
1769087398189 0.0012450877 13
1769087481197 0.0012309405999999998 14
1769087564132 0.0012167935 15
1769087646998 0.0012026464 16
1769087729893 0.0011884992999999999 17
1769087813050 0.0011743522 18
1769087896647 0.0011602051000000001 19
1769087979373 0.001146058 20
1769088062898 0.0011319109 21
1769088145993 0.0011177638 22
1769088228943 0.0011036167 23
1769088311806 0.0010894695999999998 24
1769088395012 0.0010753224999999998 25
1769088478534 0.0010611754 26
1769088561874 0.0010470283 27
1769088644343 0.0010328811999999999 28
1769088726725 0.0010187341 29
1769088809081 0.001004587 30
1769088891614 0.0009904399 31
1769088974405 0.0009762927999999999 32
1769089058049 0.0009621456999999998 33
1769089141104 0.0009479985999999998 34
1769089224467 0.0009338514999999999 35
1769089308027 0.0009197044000000001 36
1769089401721 0.0009055573 37
1769089497601 0.0008914102 38
1769089580585 0.0008772631 39
1769089663347 0.0008631159999999999 40
1769089748453 0.0008489689000000001 41
1769089833052 0.0008348218000000001 42
1769089918605 0.0008206747 43
1769090005984 0.0008065276 44
1769090089721 0.0007923804999999999 45
1769090172875 0.0007782334000000001 46
1769090256081 0.0007640863000000001 47
1769090339189 0.0007499392 48
1769090422617 0.0007357921 49
1769090505969 0.0007216449999999999 50
1769090589341 0.0007074979 51
1769090672000 0.0006933508 52
1769090755019 0.0006792037 53
1769090837677 0.0006650565999999999 54
1769090921095 0.0006509094999999999 55
1769091017137 0.0006367623999999998 56
1769091104306 0.0006226153 57
1769091187158 0.0006084682000000001 58
1769091279081 0.0005943211 59
1769091361195 0.000580174 60
1769091444589 0.0005660268999999999 61
1769091532641 0.0005518798 62
1769091617844 0.0005377327 63
1769091701239 0.0005235856 64
1769091784840 0.0005094384999999999 65
1769091875626 0.0004952913999999999 66
1769091974217 0.0004811442999999999 67
1769092075608 0.00046699719999999993 68
1769092177240 0.00045285010000000006 69
1769092268691 0.00043870300000000003 70
1769092354692 0.0004245559 71
1769092439815 0.0004104088 72
1769092524755 0.00039626170000000004 73
1769092607822 0.0003821146 74
1769092691075 0.0003679675 75
1769092774526 0.00035382039999999994 76
1769092858122 0.00033967329999999997 77
1769092942261 0.00032552619999999993 78
1769093028676 0.00031137909999999995 79
1769093126750 0.0002972319999999999 80
1769093212311 0.0002830848999999999 81
1769093298138 0.0002689378000000001 82
1769093383713 0.00025479070000000004 83
1769093466238 0.00024064360000000006 84
1769093548626 0.00022649650000000003 85
1769093631792 0.0002123494 86
1769093716058 0.00019820230000000002 87
1769093798849 0.00018405519999999999 88
1769093889095 0.00016990809999999995 89
1769093972870 0.00015576099999999995 90
1769094049919 0.00014161389999999994 91
1769094126457 0.00012746679999999994 92
1769094203726 0.0001133196999999999 93
1769094279965 9.917260000000006e-05 94
1769094356513 8.502550000000006e-05 95
1769094432161 7.087840000000005e-05 96
1769094508244 5.673130000000004e-05 97
1769094586464 4.2584200000000025e-05 98
1769094664311 2.843710000000001e-05 99
