1769086304662 2.60706 0
1769086391325 2.1721 1
1769086475967 1.96452 2
1769086560020 1.93974 3
1769086643933 1.84623 4
1769086728364 1.82206 5
1769086812470 1.73699 6
1769086896916 1.73528 7
1769086980053 1.69839 8
1769087064160 1.67304 9
1769087147479 1.64881 10
1769087231618 1.62734 11
1769087314909 1.60166 12
1769087398189 1.59098 13
1769087481197 1.59037 14
1769087564132 1.59493 15
1769087646998 1.56487 16
1769087729893 1.56285 17
1769087813050 1.5664 18
1769087896647 1.54076 19
1769087979373 1.52948 20
1769088062898 1.55571 21
1769088145993 1.54142 22
1769088228943 1.52529 23
1769088311806 1.53706 24
1769088395012 1.52843 25
1769088478534 1.52172 26
1769088561874 1.52509 27
1769088644343 1.4784 28
1769088726725 1.50326 29
1769088809081 1.46658 30
1769088891614 1.48178 31
1769088974405 1.4787 32
1769089058049 1.46674 33
1769089141104 1.45964 34
1769089224467 1.45596 35
1769089308027 1.46136 36
1769089401721 1.46664 37
1769089497601 1.4555 38
1769089580585 1.44882 39
1769089663347 1.45198 40
1769089748453 1.417 41
1769089833052 1.45545 42
1769089918605 1.43307 43
1769090005984 1.42232 44
1769090089721 1.41236 45
1769090172875 1.42257 46
1769090256081 1.4041 47
1769090339189 1.3995 48
1769090422617 1.41878 49
1769090505969 1.40914 50
1769090589341 1.38003 51
1769090672000 1.39925 52
1769090755019 1.3816 53
1769090837677 1.38837 54
1769090921095 1.40887 55
1769091017137 1.36556 56
1769091104306 1.37602 57
1769091187158 1.35801 58
1769091279081 1.367 59
1769091361195 1.37075 60
1769091444589 1.36371 61
1769091532641 1.37695 62
1769091617844 1.3583 63
1769091701239 1.35203 64
1769091784840 1.35254 65
1769091875626 1.35479 66
1769091974217 1.34141 67
1769092075608 1.32976 68
1769092177240 1.32285 69
1769092268691 1.337 70
1769092354692 1.31815 71
1769092439815 1.32349 72
1769092524755 1.32425 73
1769092607822 1.32356 74
1769092691075 1.32028 75
1769092774526 1.34585 76
1769092858122 1.32928 77
1769092942261 1.32963 78
1769093028676 1.31827 79
1769093126750 1.3259 80
1769093212311 1.31201 81
1769093298138 1.2979 82
1769093383713 1.30119 83
1769093466238 1.30684 84
1769093548626 1.323 85
1769093631792 1.3059 86
1769093716058 1.30292 87
1769093798849 1.28746 88
1769093889095 1.30223 89
1769093972870 1.44012 90
1769094049919 1.3692 91
1769094126457 1.32577 92
1769094203726 1.32707 93
1769094279965 1.30472 94
1769094356513 1.30719 95
1769094432161 1.29404 96
1769094508244 1.27815 97
1769094586464 1.27812 98
1769094664311 1.29712 99
