1769086304662 3.86037 0
1769086391325 3.6258 1
1769086475967 3.09428 2
1769086560020 2.62439 3
1769086643933 2.38783 4
1769086728364 2.31378 5
1769086812470 2.17858 6
1769086896916 2.15555 7
1769086980053 2.06453 8
1769087064160 2.03766 9
1769087147479 2.01762 10
1769087231618 1.94835 11
1769087314909 1.93995 12
1769087398189 1.91422 13
1769087481197 1.88615 14
1769087564132 1.89823 15
1769087646998 1.85119 16
1769087729893 1.82058 17
1769087813050 1.83656 18
1769087896647 1.77311 19
1769087979373 1.75943 20
1769088062898 1.75301 21
1769088145993 1.75769 22
1769088228943 1.72057 23
1769088311806 1.72317 24
1769088395012 1.70152 25
1769088478534 1.70242 26
1769088561874 1.68237 27
1769088644343 1.65401 28
1769088726725 1.64335 29
1769088809081 1.59815 30
1769088891614 1.61582 31
1769088974405 1.62363 32
1769089058049 1.61438 33
1769089141104 1.58885 34
1769089224467 1.58568 35
1769089308027 1.58206 36
1769089401721 1.59251 37
1769089497601 1.5621 38
1769089580585 1.55918 39
1769089663347 1.55511 40
1769089748453 1.4958 41
1769089833052 1.51844 42
1769089918605 1.5226 43
1769090005984 1.50278 44
1769090089721 1.47657 45
1769090172875 1.49525 46
1769090256081 1.47232 47
1769090339189 1.45441 48
1769090422617 1.46144 49
1769090505969 1.45641 50
1769090589341 1.44134 51
1769090672000 1.43369 52
1769090755019 1.42349 53
1769090837677 1.4165 54
1769090921095 1.41846 55
1769091017137 1.40919 56
1769091104306 1.41707 57
1769091187158 1.38348 58
1769091279081 1.37761 59
1769091361195 1.37788 60
1769091444589 1.37903 61
1769091532641 1.38667 62
1769091617844 1.36716 63
1769091701239 1.35861 64
1769091784840 1.37045 65
1769091875626 1.35423 66
1769091974217 1.337 67
1769092075608 1.32709 68
1769092177240 1.34009 69
1769092268691 1.33335 70
1769092354692 1.32881 71
1769092439815 1.30423 72
1769092524755 1.31471 73
1769092607822 1.31483 74
1769092691075 1.30141 75
1769092774526 1.28798 76
1769092858122 1.30881 77
1769092942261 1.31115 78
1769093028676 1.3009 79
1769093126750 1.28708 80
1769093212311 1.27955 81
1769093298138 1.27461 82
1769093383713 1.28208 83
1769093466238 1.27147 84
1769093548626 1.29615 85
1769093631792 1.27173 86
1769093716058 1.26099 87
1769093798849 1.26937 88
1769093889095 1.25536 89
1769093972870 1.62234 90
1769094049919 1.46945 91
1769094126457 1.42597 92
1769094203726 1.39533 93
1769094279965 1.37747 94
1769094356513 1.36815 95
1769094432161 1.36048 96
1769094508244 1.33451 97
1769094586464 1.34502 98
1769094664311 1.34399 99
