1769086304662 2.36746 0
1769086391325 1.9868 1
1769086475967 1.74303 2
1769086560020 1.68454 3
1769086643933 1.6312 4
1769086728364 1.61571 5
1769086812470 1.57134 6
1769086896916 1.56892 7
1769086980053 1.54132 8
1769087064160 1.53892 9
1769087147479 1.50745 10
1769087231618 1.50136 11
1769087314909 1.49989 12
1769087398189 1.47069 13
1769087481197 1.47349 14
1769087564132 1.4826 15
1769087646998 1.46469 16
1769087729893 1.45691 17
1769087813050 1.46066 18
1769087896647 1.43716 19
1769087979373 1.42215 20
1769088062898 1.4304 21
1769088145993 1.43181 22
1769088228943 1.42429 23
1769088311806 1.43505 24
1769088395012 1.42368 25
1769088478534 1.40863 26
1769088561874 1.40501 27
1769088644343 1.39397 28
1769088726725 1.39795 29
1769088809081 1.37941 30
1769088891614 1.38686 31
1769088974405 1.38923 32
1769089058049 1.38702 33
1769089141104 1.36722 34
1769089224467 1.37799 35
1769089308027 1.36378 36
1769089401721 1.36648 37
1769089497601 1.35354 38
1769089580585 1.36909 39
1769089663347 1.35176 40
1769089748453 1.33582 41
1769089833052 1.35139 42
1769089918605 1.34069 43
1769090005984 1.33539 44
1769090089721 1.32872 45
1769090172875 1.34352 46
1769090256081 1.3274 47
1769090339189 1.32405 48
1769090422617 1.31836 49
1769090505969 1.32697 50
1769090589341 1.32983 51
1769090672000 1.31689 52
1769090755019 1.31339 53
1769090837677 1.32185 54
1769090921095 1.32152 55
1769091017137 1.29596 56
1769091104306 1.3075 57
1769091187158 1.29722 58
1769091279081 1.2968 59
1769091361195 1.29872 60
1769091444589 1.29595 61
1769091532641 1.29778 62
1769091617844 1.29152 63
1769091701239 1.2836 64
1769091784840 1.28638 65
1769091875626 1.28767 66
1769091974217 1.28237 67
1769092075608 1.26403 68
1769092177240 1.27043 69
1769092268691 1.26463 70
1769092354692 1.27459 71
1769092439815 1.2698 72
1769092524755 1.26484 73
1769092607822 1.2662 74
1769092691075 1.25773 75
1769092774526 1.25904 76
1769092858122 1.26779 77
1769092942261 1.26919 78
1769093028676 1.26071 79
1769093126750 1.25897 80
1769093212311 1.25398 81
1769093298138 1.2504 82
1769093383713 1.24907 83
1769093466238 1.24697 84
1769093548626 1.24714 85
1769093631792 1.24856 86
1769093716058 1.24964 87
1769093798849 1.24351 88
1769093889095 1.2487 89
1769093972870 1.34848 90
1769094049919 1.30377 91
1769094126457 1.28594 92
1769094203726 1.28623 93
1769094279965 1.26905 94
1769094356513 1.27426 95
1769094432161 1.26835 96
1769094508244 1.25186 97
1769094586464 1.24562 98
1769094664311 1.26172 99
