1769086304662 5.52352 0
1769086391325 4.33411 1
1769086475967 3.71211 2
1769086560020 3.53532 3
1769086643933 3.32401 4
1769086728364 3.28648 5
1769086812470 3.17826 6
1769086896916 3.12566 7
1769086980053 3.06552 8
1769087064160 3.02771 9
1769087147479 2.97721 10
1769087231618 2.93361 11
1769087314909 2.89379 12
1769087398189 2.84505 13
1769087481197 2.88308 14
1769087564132 2.86241 15
1769087646998 2.79488 16
1769087729893 2.7686 17
1769087813050 2.77803 18
1769087896647 2.71072 19
1769087979373 2.71565 20
1769088062898 2.69476 21
1769088145993 2.69669 22
1769088228943 2.65414 23
1769088311806 2.68419 24
1769088395012 2.65958 25
1769088478534 2.63291 26
1769088561874 2.63254 27
1769088644343 2.60945 28
1769088726725 2.60181 29
1769088809081 2.53886 30
1769088891614 2.57176 31
1769088974405 2.55963 32
1769089058049 2.58321 33
1769089141104 2.52828 34
1769089224467 2.4981 35
1769089308027 2.53784 36
1769089401721 2.50736 37
1769089497601 2.48523 38
1769089580585 2.46614 39
1769089663347 2.47238 40
1769089748453 2.44849 41
1769089833052 2.45281 42
1769089918605 2.43372 43
1769090005984 2.4561 44
1769090089721 2.42171 45
1769090172875 2.41314 46
1769090256081 2.37598 47
1769090339189 2.3884 48
1769090422617 2.3947 49
1769090505969 2.37539 50
1769090589341 2.38256 51
1769090672000 2.38601 52
1769090755019 2.36368 53
1769090837677 2.3618 54
1769090921095 2.3485 55
1769091017137 2.31671 56
1769091104306 2.36502 57
1769091187158 2.28464 58
1769091279081 2.34211 59
1769091361195 2.31198 60
1769091444589 2.28504 61
1769091532641 2.33521 62
1769091617844 2.3221 63
1769091701239 2.29834 64
1769091784840 2.29977 65
1769091875626 2.27145 66
1769091974217 2.24069 67
1769092075608 2.22999 68
1769092177240 2.24746 69
1769092268691 2.24588 70
1769092354692 2.24692 71
1769092439815 2.22322 72
1769092524755 2.23468 73
1769092607822 2.24138 74
1769092691075 2.2069 75
1769092774526 2.27572 76
1769092858122 2.23173 77
1769092942261 2.24156 78
1769093028676 2.21739 79
1769093126750 2.21896 80
1769093212311 2.19027 81
1769093298138 2.20037 82
1769093383713 2.20405 83
1769093466238 2.23352 84
1769093548626 2.21311 85
1769093631792 2.21342 86
1769093716058 2.15797 87
1769093798849 2.21004 88
1769093889095 2.17728 89
1769093972870 2.31478 90
1769094049919 2.17047 91
1769094126457 2.13283 92
1769094203726 2.13216 93
1769094279965 2.08206 94
1769094356513 2.10146 95
1769094432161 2.07166 96
1769094508244 2.02755 97
1769094586464 2.04804 98
1769094664311 2.05626 99
