1769086304662 0.0 0
1769086391325 0.0 1
1769086475967 0.0 2
1769086560020 0.0 3
1769086643933 0.0 4
1769086728364 0.0 5
1769086812470 0.0 6
1769086896916 0.0 7
1769086980053 0.0 8
1769087064160 0.0 9
1769087147479 0.0 10
1769087231618 0.0 11
1769087314909 0.0 12
1769087398189 0.0 13
1769087481197 0.0 14
1769087564132 0.0 15
1769087646998 0.0 16
1769087729893 0.0 17
1769087813050 0.0 18
1769087896647 0.0 19
1769087979373 0.0 20
1769088062898 0.0 21
1769088145993 0.0 22
1769088228943 0.0 23
1769088311806 0.0 24
1769088395012 0.0 25
1769088478534 0.0 26
1769088561874 0.0 27
1769088644343 0.0 28
1769088726725 0.0 29
1769088809081 0.0 30
1769088891614 0.0 31
1769088974405 0.0 32
1769089058049 0.0 33
1769089141104 0.0 34
1769089224467 0.0 35
1769089308027 0.0 36
1769089401721 0.0 37
1769089497601 0.0 38
1769089580585 0.0 39
1769089663347 0.0 40
1769089748453 0.0 41
1769089833052 0.0 42
1769089918605 0.0 43
1769090005984 0.0 44
1769090089721 0.0 45
1769090172875 0.0 46
1769090256081 0.0 47
1769090339189 0.0 48
1769090422617 0.0 49
1769090505969 0.0 50
1769090589341 0.0 51
1769090672000 0.0 52
1769090755019 0.0 53
1769090837677 0.0 54
1769090921095 0.0 55
1769091017137 0.0 56
1769091104306 0.0 57
1769091187158 0.0 58
1769091279081 0.0 59
1769091361195 0.0 60
1769091444589 0.0 61
1769091532641 0.0 62
1769091617844 0.0 63
1769091701239 0.0 64
1769091784840 0.0 65
1769091875626 0.0 66
1769091974217 0.0 67
1769092075608 0.0 68
1769092177240 0.0 69
1769092268691 0.0 70
1769092354692 0.0 71
1769092439815 0.0 72
1769092524755 0.0 73
1769092607822 0.0 74
1769092691075 0.0 75
1769092774526 0.0 76
1769092858122 0.0 77
1769092942261 0.0 78
1769093028676 0.0 79
1769093126750 0.0 80
1769093212311 0.0 81
1769093298138 0.0 82
1769093383713 0.0 83
1769093466238 0.0 84
1769093548626 0.0 85
1769093631792 0.0 86
1769093716058 0.0 87
1769093798849 0.0 88
1769093889095 0.0 89
1769093972870 0.0 90
1769094049919 0.0 91
1769094126457 0.0 92
1769094203726 0.0 93
1769094279965 0.0 94
1769094356513 0.0 95
1769094432161 0.0 96
1769094508244 0.0 97
1769094586464 0.0 98
1769094664311 0.0 99
