1769086313916 0.01305 0
1769086400504 0.05707 1
1769086485276 0.21949 2
1769086569500 0.25916 3
1769086652940 0.29608 4
1769086737682 0.32391 5
1769086821708 0.35868 6
1769086905969 0.40067 7
1769086989211 0.43275 8
1769087073427 0.45557 9
1769087156760 0.40716 10
1769087240649 0.42145 11
1769087324028 0.45085 12
1769087407158 0.43997 13
1769087490260 0.42086 14
1769087573186 0.45464 15
1769087656023 0.42512 16
1769087738961 0.46399 17
1769087822238 0.39949 18
1769087905769 0.48833 19
1769087988584 0.41993 20
1769088071983 0.4478 21
1769088154999 0.44543 22
1769088238093 0.47907 23
1769088320758 0.45616 24
1769088404263 0.44439 25
1769088487600 0.49222 26
1769088570945 0.48632 27
1769088653294 0.47578 28
1769088735722 0.44237 29
1769088818028 0.49428 30
1769088900697 0.48623 31
1769088983446 0.47761 32
1769089067112 0.4796 33
1769089150213 0.50534 34
1769089233540 0.47375 35
1769089317132 0.45796 36
1769089413288 0.44981 37
1769089506656 0.45612 38
1769089589540 0.47152 39
1769089672394 0.49562 40
1769089757600 0.49691 41
1769089842286 0.45691 42
1769089928037 0.45707 43
1769090015342 0.45681 44
1769090098753 0.44914 45
1769090181904 0.45239 46
1769090265302 0.47457 47
1769090348281 0.45863 48
1769090431606 0.44986 49
1769090514872 0.43714 50
1769090598363 0.43353 51
1769090681060 0.47322 52
1769090764098 0.51976 53
1769090846619 0.48807 54
1769090930229 0.52506 55
1769091028608 0.48173 56
1769091113365 0.49251 57
1769091197374 0.46035 58
1769091288093 0.47488 59
1769091370287 0.48371 60
1769091453566 0.45935 61
1769091541859 0.4753 62
1769091627244 0.48368 63
1769091710406 0.50872 64
1769091793878 0.44291 65
1769091884925 0.45233 66
1769091985992 0.46043 67
1769092087276 0.45466 68
1769092189199 0.46243 69
1769092277768 0.44877 70
1769092364098 0.47118 71
1769092449524 0.47026 72
1769092534274 0.47059 73
1769092616834 0.47973 74
1769092700378 0.47377 75
1769092783458 0.48723 76
1769092867448 0.49286 77
1769092951169 0.47323 78
1769093040724 0.45148 79
1769093135638 0.46869 80
1769093221792 0.45645 81
1769093307448 0.48101 82
1769093392737 0.49846 83
1769093475163 0.49313 84
1769093557624 0.4707 85
1769093641065 0.47045 86
1769093725098 0.48592 87
1769093808276 0.50182 88
1769093900299 0.51461 89
1769093981906 0.46097 90
1769094058780 0.48344 91
1769094135499 0.4742 92
1769094212766 0.46102 93
1769094289170 0.47251 94
1769094365546 0.48344 95
1769094441069 0.47849 96
1769094517435 0.48731 97
1769094596200 0.48227 98
1769094673317 0.47551 99
1769094688770 0.5144707671321862 99
