1769086313916 0.00846 0
1769086400504 0.03919 1
1769086485276 0.15599 2
1769086569500 0.20328 3
1769086652940 0.24279 4
1769086737682 0.2539 5
1769086821708 0.28405 6
1769086905969 0.30207 7
1769086989211 0.32419 8
1769087073427 0.36859 9
1769087156760 0.33471 10
1769087240649 0.32689 11
1769087324028 0.32117 12
1769087407158 0.34854 13
1769087490260 0.32464 14
1769087573186 0.35508 15
1769087656023 0.35576 16
1769087738961 0.39572 17
1769087822238 0.31926 18
1769087905769 0.37731 19
1769087988584 0.32476 20
1769088071983 0.35822 21
1769088154999 0.36141 22
1769088238093 0.3914 23
1769088320758 0.38124 24
1769088404263 0.34241 25
1769088487600 0.38507 26
1769088570945 0.39114 27
1769088653294 0.34634 28
1769088735722 0.33229 29
1769088818028 0.36018 30
1769088900697 0.36202 31
1769088983446 0.37442 32
1769089067112 0.35524 33
1769089150213 0.37385 34
1769089233540 0.38295 35
1769089317132 0.34875 36
1769089413288 0.34556 37
1769089506656 0.35503 38
1769089589540 0.38521 39
1769089672394 0.39355 40
1769089757600 0.38601 41
1769089842286 0.33085 42
1769089928037 0.36573 43
1769090015342 0.37566 44
1769090098753 0.35615 45
1769090181904 0.34543 46
1769090265302 0.39589 47
1769090348281 0.35029 48
1769090431606 0.354 49
1769090514872 0.34956 50
1769090598363 0.37148 51
1769090681060 0.37914 52
1769090764098 0.42652 53
1769090846619 0.37949 54
1769090930229 0.37901 55
1769091028608 0.37095 56
1769091113365 0.36897 57
1769091197374 0.35489 58
1769091288093 0.37441 59
1769091370287 0.37008 60
1769091453566 0.34632 61
1769091541859 0.3519 62
1769091627244 0.37517 63
1769091710406 0.37879 64
1769091793878 0.34824 65
1769091884925 0.36342 66
1769091985992 0.35967 67
1769092087276 0.36116 68
1769092189199 0.36525 69
1769092277768 0.35578 70
1769092364098 0.39683 71
1769092449524 0.38358 72
1769092534274 0.38318 73
1769092616834 0.37109 74
1769092700378 0.38414 75
1769092783458 0.39284 76
1769092867448 0.40385 77
1769092951169 0.38944 78
1769093040724 0.36523 79
1769093135638 0.37449 80
1769093221792 0.37403 81
1769093307448 0.4107 82
1769093392737 0.3799 83
1769093475163 0.40427 84
1769093557624 0.39153 85
1769093641065 0.38737 86
1769093725098 0.39291 87
1769093808276 0.39088 88
1769093900299 0.43044 89
1769093981906 0.40742 90
1769094058780 0.40448 91
1769094135499 0.3992 92
1769094212766 0.38784 93
1769094289170 0.3749 94
1769094365546 0.38733 95
1769094441069 0.38605 96
1769094517435 0.38591 97
1769094596200 0.37848 98
1769094673317 0.37735 99
1769094688770 0.44055096822434736 99
