1769086313916 0.0045 0
1769086400504 0.02917 1
1769086485276 0.11622 2
1769086569500 0.12808 3
1769086652940 0.15867 4
1769086737682 0.17547 5
1769086821708 0.1893 6
1769086905969 0.20106 7
1769086989211 0.21185 8
1769087073427 0.23084 9
1769087156760 0.20332 10
1769087240649 0.21609 11
1769087324028 0.23942 12
1769087407158 0.23579 13
1769087490260 0.2272 14
1769087573186 0.23887 15
1769087656023 0.22685 16
1769087738961 0.23998 17
1769087822238 0.20781 18
1769087905769 0.24649 19
1769087988584 0.20568 20
1769088071983 0.24126 21
1769088154999 0.23292 22
1769088238093 0.25278 23
1769088320758 0.23949 24
1769088404263 0.23172 25
1769088487600 0.26094 26
1769088570945 0.26024 27
1769088653294 0.24627 28
1769088735722 0.21011 29
1769088818028 0.25339 30
1769088900697 0.23956 31
1769088983446 0.23702 32
1769089067112 0.23106 33
1769089150213 0.25245 34
1769089233540 0.23001 35
1769089317132 0.2283 36
1769089413288 0.22421 37
1769089506656 0.22728 38
1769089589540 0.23525 39
1769089672394 0.24511 40
1769089757600 0.23543 41
1769089842286 0.21425 42
1769089928037 0.22069 43
1769090015342 0.22604 44
1769090098753 0.21666 45
1769090181904 0.22584 46
1769090265302 0.2384 47
1769090348281 0.22474 48
1769090431606 0.22461 49
1769090514872 0.21836 50
1769090598363 0.22111 51
1769090681060 0.23429 52
1769090764098 0.24413 53
1769090846619 0.23399 54
1769090930229 0.24815 55
1769091028608 0.22552 56
1769091113365 0.24139 57
1769091197374 0.22525 58
1769091288093 0.2345 59
1769091370287 0.22666 60
1769091453566 0.21819 61
1769091541859 0.2325 62
1769091627244 0.24356 63
1769091710406 0.25222 64
1769091793878 0.2167 65
1769091884925 0.21937 66
1769091985992 0.21617 67
1769092087276 0.22009 68
1769092189199 0.22629 69
1769092277768 0.22008 70
1769092364098 0.23554 71
1769092449524 0.2305 72
1769092534274 0.23235 73
1769092616834 0.23163 74
1769092700378 0.23116 75
1769092783458 0.2464 76
1769092867448 0.24831 77
1769092951169 0.24141 78
1769093040724 0.23015 79
1769093135638 0.23788 80
1769093221792 0.23486 81
1769093307448 0.25168 82
1769093392737 0.24349 83
1769093475163 0.24572 84
1769093557624 0.23733 85
1769093641065 0.23508 86
1769093725098 0.23586 87
1769093808276 0.24862 88
1769093900299 0.26153 89
1769093981906 0.2437 90
1769094058780 0.25445 91
1769094135499 0.25406 92
1769094212766 0.24604 93
1769094289170 0.24911 94
1769094365546 0.25392 95
1769094441069 0.25071 96
1769094517435 0.25313 97
1769094596200 0.24955 98
1769094673317 0.24996 99
1769094688770 0.2613493264282184 99
