1769086313916 0.00275 0
1769086400504 0.01538 1
1769086485276 0.07248 2
1769086569500 0.08941 3
1769086652940 0.11418 4
1769086737682 0.1217 5
1769086821708 0.13338 6
1769086905969 0.13316 7
1769086989211 0.14125 8
1769087073427 0.15628 9
1769087156760 0.14078 10
1769087240649 0.14501 11
1769087324028 0.1501 12
1769087407158 0.15375 13
1769087490260 0.14688 14
1769087573186 0.15637 15
1769087656023 0.16031 16
1769087738961 0.16614 17
1769087822238 0.12884 18
1769087905769 0.16135 19
1769087988584 0.13082 20
1769088071983 0.1585 21
1769088154999 0.1623 22
1769088238093 0.16434 23
1769088320758 0.15907 24
1769088404263 0.14838 25
1769088487600 0.16912 26
1769088570945 0.17199 27
1769088653294 0.15526 28
1769088735722 0.13756 29
1769088818028 0.16421 30
1769088900697 0.15217 31
1769088983446 0.15825 32
1769089067112 0.14772 33
1769089150213 0.17282 34
1769089233540 0.16668 35
1769089317132 0.1545 36
1769089413288 0.15275 37
1769089506656 0.14582 38
1769089589540 0.16242 39
1769089672394 0.16866 40
1769089757600 0.16626 41
1769089842286 0.13842 42
1769089928037 0.16469 43
1769090015342 0.15752 44
1769090098753 0.15526 45
1769090181904 0.16281 46
1769090265302 0.17709 47
1769090348281 0.15915 48
1769090431606 0.14735 49
1769090514872 0.1549 50
1769090598363 0.16193 51
1769090681060 0.1679 52
1769090764098 0.17035 53
1769090846619 0.16829 54
1769090930229 0.17359 55
1769091028608 0.16163 56
1769091113365 0.16647 57
1769091197374 0.15214 58
1769091288093 0.16689 59
1769091370287 0.15734 60
1769091453566 0.14695 61
1769091541859 0.15657 62
1769091627244 0.17291 63
1769091710406 0.17297 64
1769091793878 0.14873 65
1769091884925 0.15509 66
1769091985992 0.15262 67
1769092087276 0.15337 68
1769092189199 0.15493 69
1769092277768 0.15169 70
1769092364098 0.16687 71
1769092449524 0.16242 72
1769092534274 0.16821 73
1769092616834 0.16131 74
1769092700378 0.16253 75
1769092783458 0.17115 76
1769092867448 0.17216 77
1769092951169 0.16112 78
1769093040724 0.16163 79
1769093135638 0.16469 80
1769093221792 0.16323 81
1769093307448 0.17324 82
1769093392737 0.16881 83
1769093475163 0.17264 84
1769093557624 0.16581 85
1769093641065 0.16024 86
1769093725098 0.16096 87
1769093808276 0.16894 88
1769093900299 0.18232 89
1769093981906 0.16473 90
1769094058780 0.173 91
1769094135499 0.1722 92
1769094212766 0.16971 93
1769094289170 0.16916 94
1769094365546 0.1782 95
1769094441069 0.17366 96
1769094517435 0.17614 97
1769094596200 0.17301 98
1769094673317 0.17281 99
1769094688770 0.18271186039320378 99
