1769086313916 0.00168 0
1769086400504 0.00338 1
1769086485276 0.22872 2
1769086569500 0.57057 3
1769086652940 0.32504 4
1769086737682 0.34761 5
1769086821708 0.42202 6
1769086905969 0.39336 7
1769086989211 0.36632 8
1769087073427 0.44547 9
1769087156760 0.44357 10
1769087240649 0.38067 11
1769087324028 0.36361 12
1769087407158 0.39515 13
1769087490260 0.36435 14
1769087573186 0.386 15
1769087656023 0.3774 16
1769087738961 0.51933 17
1769087822238 0.42991 18
1769087905769 0.49654 19
1769087988584 0.42252 20
1769088071983 0.39243 21
1769088154999 0.39205 22
1769088238093 0.4671 23
1769088320758 0.47783 24
1769088404263 0.44583 25
1769088487600 0.43161 26
1769088570945 0.50482 27
1769088653294 0.4623 28
1769088735722 0.46949 29
1769088818028 0.44651 30
1769088900697 0.47111 31
1769088983446 0.46046 32
1769089067112 0.45157 33
1769089150213 0.46799 34
1769089233540 0.51995 35
1769089317132 0.40041 36
1769089413288 0.42969 37
1769089506656 0.50996 38
1769089589540 0.45086 39
1769089672394 0.5088 40
1769089757600 0.44607 41
1769089842286 0.42609 42
1769089928037 0.42508 43
1769090015342 0.43403 44
1769090098753 0.42269 45
1769090181904 0.45286 46
1769090265302 0.46461 47
1769090348281 0.40295 48
1769090431606 0.48339 49
1769090514872 0.41675 50
1769090598363 0.4243 51
1769090681060 0.50223 52
1769090764098 0.56299 53
1769090846619 0.50242 54
1769090930229 0.50576 55
1769091028608 0.48522 56
1769091113365 0.44583 57
1769091197374 0.43768 58
1769091288093 0.5018 59
1769091370287 0.49116 60
1769091453566 0.43303 61
1769091541859 0.45056 62
1769091627244 0.50553 63
1769091710406 0.50051 64
1769091793878 0.43956 65
1769091884925 0.49304 66
1769091985992 0.52231 67
1769092087276 0.47945 68
1769092189199 0.46263 69
1769092277768 0.46158 70
1769092364098 0.55294 71
1769092449524 0.52415 72
1769092534274 0.4522 73
1769092616834 0.49305 74
1769092700378 0.50423 75
1769092783458 0.55319 76
1769092867448 0.53346 77
1769092951169 0.49473 78
1769093040724 0.43088 79
1769093135638 0.55333 80
1769093221792 0.54772 81
1769093307448 0.59215 82
1769093392737 0.4587 83
1769093475163 0.57137 84
1769093557624 0.52718 85
1769093641065 0.49433 86
1769093725098 0.54337 87
1769093808276 0.54512 88
1769093900299 0.58392 89
1769093981906 0.53109 90
1769094058780 0.51964 91
1769094135499 0.50029 92
1769094212766 0.48126 93
1769094289170 0.45426 94
1769094365546 0.47514 95
1769094441069 0.412 96
1769094517435 0.50015 97
1769094596200 0.4892 98
1769094673317 0.51836 99
1769094688770 0.5946441078571958 99
