1769086313916 0.00354 0
1769086400504 0.00483 1
1769086485276 0.26468 2
1769086569500 0.59624 3
1769086652940 0.34901 4
1769086737682 0.3839 5
1769086821708 0.37663 6
1769086905969 0.42582 7
1769086989211 0.49721 8
1769087073427 0.46785 9
1769087156760 0.49794 10
1769087240649 0.44821 11
1769087324028 0.50485 12
1769087407158 0.46765 13
1769087490260 0.44178 14
1769087573186 0.44346 15
1769087656023 0.40839 16
1769087738961 0.59201 17
1769087822238 0.48081 18
1769087905769 0.48615 19
1769087988584 0.47432 20
1769088071983 0.51853 21
1769088154999 0.46006 22
1769088238093 0.52886 23
1769088320758 0.51077 24
1769088404263 0.52323 25
1769088487600 0.48458 26
1769088570945 0.53906 27
1769088653294 0.55128 28
1769088735722 0.53451 29
1769088818028 0.52419 30
1769088900697 0.58106 31
1769088983446 0.54234 32
1769089067112 0.49196 33
1769089150213 0.55054 34
1769089233540 0.5708 35
1769089317132 0.46365 36
1769089413288 0.49553 37
1769089506656 0.56801 38
1769089589540 0.48356 39
1769089672394 0.5181 40
1769089757600 0.51093 41
1769089842286 0.5323 42
1769089928037 0.4681 43
1769090015342 0.53169 44
1769090098753 0.49851 45
1769090181904 0.52207 46
1769090265302 0.52149 47
1769090348281 0.47309 48
1769090431606 0.54391 49
1769090514872 0.50048 50
1769090598363 0.45244 51
1769090681060 0.48778 52
1769090764098 0.62929 53
1769090846619 0.58589 54
1769090930229 0.52235 55
1769091028608 0.56381 56
1769091113365 0.52214 57
1769091197374 0.51546 58
1769091288093 0.54776 59
1769091370287 0.52174 60
1769091453566 0.52973 61
1769091541859 0.53144 62
1769091627244 0.48746 63
1769091710406 0.59567 64
1769091793878 0.47312 65
1769091884925 0.53756 66
1769091985992 0.59496 67
1769092087276 0.55037 68
1769092189199 0.55036 69
1769092277768 0.52053 70
1769092364098 0.4705 71
1769092449524 0.57016 72
1769092534274 0.53166 73
1769092616834 0.5811 74
1769092700378 0.57063 75
1769092783458 0.553 76
1769092867448 0.58182 77
1769092951169 0.55638 78
1769093040724 0.48842 79
1769093135638 0.46047 80
1769093221792 0.56278 81
1769093307448 0.6491 82
1769093392737 0.54574 83
1769093475163 0.51432 84
1769093557624 0.5179 85
1769093641065 0.54279 86
1769093725098 0.5978 87
1769093808276 0.59551 88
1769093900299 0.5379 89
1769093981906 0.57677 90
1769094058780 0.55253 91
1769094135499 0.53364 92
1769094212766 0.53418 93
1769094289170 0.52542 94
1769094365546 0.51962 95
1769094441069 0.46596 96
1769094517435 0.54408 97
1769094596200 0.56186 98
1769094673317 0.56127 99
1769094688770 0.5356053606827156 99
