1769086313916 0.52693 0
1769086400504 0.62628 1
1769086485276 0.21455 2
1769086569500 0.31614 3
1769086652940 0.28831 4
1769086737682 0.36344 5
1769086821708 0.39753 6
1769086905969 0.43821 7
1769086989211 0.4844 8
1769087073427 0.48283 9
1769087156760 0.45336 10
1769087240649 0.4803 11
1769087324028 0.443 12
1769087407158 0.44611 13
1769087490260 0.46608 14
1769087573186 0.49586 15
1769087656023 0.50298 16
1769087738961 0.396 17
1769087822238 0.38325 18
1769087905769 0.47964 19
1769087988584 0.40928 20
1769088071983 0.40209 21
1769088154999 0.47335 22
1769088238093 0.45245 23
1769088320758 0.4878 24
1769088404263 0.43353 25
1769088487600 0.56439 26
1769088570945 0.47976 27
1769088653294 0.49133 28
1769088735722 0.45271 29
1769088818028 0.51543 30
1769088900697 0.5027 31
1769088983446 0.51774 32
1769089067112 0.53184 33
1769089150213 0.51929 34
1769089233540 0.48706 35
1769089317132 0.51823 36
1769089413288 0.52906 37
1769089506656 0.48361 38
1769089589540 0.53253 39
1769089672394 0.52834 40
1769089757600 0.60846 41
1769089842286 0.51572 42
1769089928037 0.52201 43
1769090015342 0.4816 44
1769090098753 0.48364 45
1769090181904 0.52924 46
1769090265302 0.48917 47
1769090348281 0.54656 48
1769090431606 0.48441 49
1769090514872 0.48935 50
1769090598363 0.53074 51
1769090681060 0.58206 52
1769090764098 0.51613 53
1769090846619 0.47899 54
1769090930229 0.6099 55
1769091028608 0.50301 56
1769091113365 0.55404 57
1769091197374 0.5705 58
1769091288093 0.52095 59
1769091370287 0.52519 60
1769091453566 0.5376 61
1769091541859 0.55109 62
1769091627244 0.59092 63
1769091710406 0.50624 64
1769091793878 0.53337 65
1769091884925 0.51901 66
1769091985992 0.4855 67
1769092087276 0.50407 68
1769092189199 0.49788 69
1769092277768 0.52638 70
1769092364098 0.57863 71
1769092449524 0.46186 72
1769092534274 0.49384 73
1769092616834 0.51427 74
1769092700378 0.49007 75
1769092783458 0.51242 76
1769092867448 0.4911 77
1769092951169 0.4994 78
1769093040724 0.52007 79
1769093135638 0.57571 80
1769093221792 0.46487 81
1769093307448 0.46146 82
1769093392737 0.53372 83
1769093475163 0.56206 84
1769093557624 0.54282 85
1769093641065 0.51674 86
1769093725098 0.47058 87
1769093808276 0.49118 88
1769093900299 0.58429 89
1769093981906 0.46326 90
1769094058780 0.48906 91
1769094135499 0.50494 92
1769094212766 0.48397 93
1769094289170 0.51481 94
1769094365546 0.52949 95
1769094441069 0.59466 96
1769094517435 0.50638 97
1769094596200 0.49212 98
1769094673317 0.50718 99
1769094688770 0.5938135234330887 99
